Flight time: 79s = 1min 19s
Frequency <= 1Hz
Eta estimated by on board calibration: 0.509556
Last value of Eta of Goyal Filter : 0.6444 --> Did not have enough time to converge
Wind and Airspeed data appears to plausible, Wind data of SWKF and Goyal is in the same range of 2ms east, eventhough they have different Vorzeichen.



[ INFO] [1510516840.972108259]: Frequency: 1.032549 hz
SWKF State:
  7.55278
   0.7562
  2.63161
0.0968969
[ INFO] [1510516842.005251444]: Eta: 0.509556
Goyal State
  -1.90328
-0.0481489
  0.555584
  0.794775
   3.27963
 -0.381615
  -1.12521
[ INFO] [1510516842.008107215]: Frequency: 0.960896 hz
SWKF State:
  13.5363
 0.864829
  2.62085
0.0948919
[ INFO] [1510516843.002845529]: Eta: 0.509556
Goyal State
 -1.89796
-0.395538
 0.427551
 0.794791
  5.27218
 0.903443
 0.949051
[ INFO] [1510516843.006086820]: Frequency: 1.000880 hz
SWKF State:
  17.6571
-0.954031
  2.61042
0.0935942
[ INFO] [1510516843.977219671]: Eta: 0.509556
Goyal State
 -1.92847
-0.617074
 0.349593
 0.799912
  7.28212
 0.760841
  1.71645
[ INFO] [1510516843.980938187]: Frequency: 1.028021 hz
SWKF State:
   19.674
 -3.46108
  2.59837
0.0899632
[ INFO] [1510516845.016974294]: Eta: 0.509556
Goyal State
 -2.00597
-0.863925
  0.32862
 0.809507
  9.32055
 0.824787
  2.23577
[ INFO] [1510516845.023575118]: Frequency: 0.961783 hz
SWKF State:
   19.978
 -5.67738
  2.58545
0.0874097
[ INFO] [1510516846.015307928]: Eta: 0.509556
Goyal State
 -2.0669
 -1.1216
0.137216
0.825263
 11.1393
0.984217
 1.27442
[ INFO] [1510516846.021338477]: Frequency: 0.999996 hz
SWKF State:
  20.4841
 -7.18475
  2.57198
0.0845548
[ INFO] [1510516846.978520778]: Eta: 0.509556
Goyal State
   -2.10419
   -1.34156
-0.00553563
   0.846626
    12.7666
    1.25994
   0.530918
[ INFO] [1510516846.986988663]: Frequency: 1.038142 hz
SWKF State:
 21.2343
-7.67555
 2.55803
0.080873
[ INFO] [1510516848.007582420]: Eta: 0.509556
Goyal State
   -2.14159
    -1.3643
-0.00842384
   0.866251
    14.2758
   0.359367
    1.30002
[ INFO] [1510516848.010252051]: Frequency: 0.973363 hz
SWKF State:
  21.5096
 -6.67143
  2.54263
0.0768855
[ INFO] [1510516849.003532728]: Eta: 0.509556
Goyal State
   -2.1287
  -1.36385
-0.0116152
  0.879936
   15.3315
 0.0551834
   1.25305
[ INFO] [1510516849.008397171]: Frequency: 1.004050 hz
SWKF State:
  21.6977
 -4.37435
  2.52734
0.0736867
[ INFO] [1510516850.011183305]: Eta: 0.509556
Goyal State
   -2.09591
     -1.317
-0.00342977
   0.887112
    16.1393
 -0.0701198
   0.449833
[ INFO] [1510516850.020297022]: Frequency: 0.991482 hz
SWKF State:
  21.9762
-0.733543
  2.51266
0.0660428
[ INFO] [1510516850.983977478]: Eta: 0.509556
Goyal State
 -2.06251
 -1.22165
0.0430798
 0.889158
  16.7967
-0.492461
 0.243924
[ INFO] [1510516850.987082703]: Frequency: 1.027662 hz
SWKF State:
   21.575
  2.99037
  2.49751
0.0576451
[ INFO] [1510516852.021688648]: Eta: 0.509556
Goyal State
 -2.02991
 -1.08716
0.0943653
 0.885125
   17.318
-0.969395
 0.343616
[ INFO] [1510516852.024167073]: Frequency: 0.964868 hz
SWKF State:
  20.5282
  7.08949
   2.4851
0.0509558
[ INFO] [1510516854.036623304]: Eta: 0.509556
Goyal State
-2.06672
-0.96535
0.125618
 0.87424
 17.8781
 1.11957
 1.04587
[ INFO] [1510516854.039674280]: Frequency: 0.496294 hz
SWKF State:
  16.8699
  12.7938
    2.473
0.0549109
[ INFO] [1510516855.024059636]: Eta: 0.509556
Goyal State
 -2.11458
-0.840566
  0.16487
 0.861502
  18.3964
  2.61119
 0.778257
[ INFO] [1510516855.026560794]: Frequency: 1.012654 hz
SWKF State:
   13.219
  17.5817
  2.44592
0.0609644
[ INFO] [1510516856.042747798]: Eta: 0.509556
Goyal State
  -2.1946
-0.716349
 0.184298
 0.848093
  18.7744
  2.98378
  2.12136
[ INFO] [1510516856.046164560]: Frequency: 0.981695 hz
SWKF State:
  8.42469
  20.5536
  2.41042
0.0672398
[ INFO] [1510516857.052616327]: Eta: 0.509556
Goyal State
 -2.27946
-0.584399
 0.248713
 0.831175
  19.1213
   2.8071
  2.93063
[ INFO] [1510516857.054947065]: Frequency: 0.990198 hz
SWKF State:
  2.59145
  22.2497
  2.37943
0.0676477
[ INFO] [1510516858.015242908]: Eta: 0.509556
Goyal State
  -2.4028
-0.442807
 0.332187
 0.813013
  19.4137
  3.52693
  1.84217
[ INFO] [1510516858.017045512]: Frequency: 1.038901 hz
SWKF State:
  -3.7829
  22.4803
  2.34987
0.0643627
[ INFO] [1510516859.043201175]: Eta: 0.509556
Goyal State
 -2.53524
-0.360151
  0.38168
 0.798526
  19.6675
  2.63593
  2.65476
[ INFO] [1510516859.044777699]: Frequency: 0.972775 hz
SWKF State:
 -10.0156
  20.7399
  2.32234
0.0545139
[ INFO] [1510516860.064756868]: Eta: 0.509556
Goyal State
 -2.63939
-0.324371
 0.421079
 0.785318
  19.8923
  2.81825
  2.52307
[ INFO] [1510516860.066917906]: Frequency: 0.978805 hz
SWKF State:
 -15.7287
  16.9169
  2.30089
0.0415831
[ INFO] [1510516861.060191894]: Eta: 0.509556
Goyal State
  -2.7104
-0.295505
 0.452062
 0.776783
  20.0096
  2.62631
   2.3533
[ INFO] [1510516861.065142282]: Frequency: 1.004705 hz
SWKF State:
 -19.3238
  12.0481
  2.28724
0.0286426
[ INFO] [1510516862.044807970]: Eta: 0.509556
Goyal State
 -2.72106
-0.242494
 0.430042
 0.772498
  19.5945
  2.28239
 0.833911
Covariance
  0.0273095   0.0017043 -0.00653257 0.000941451 -0.00648835  0.00865091   0.0147702
  0.0017043   0.0388032  0.00367139 0.000928638  -0.0142104   0.0161105  0.00892955
-0.00653257  0.00367139   0.0777411  0.00042736 -0.00933471    0.046412  -0.0621936
0.000941451 0.000928638  0.00042736 0.000396358 -0.00323509 0.000715317 0.000648338
-0.00648835  -0.0142104 -0.00933471 -0.00323509   0.0776132 -0.00631737 -0.00963028
 0.00865091   0.0161105    0.046412 0.000715317 -0.00631737    0.225184   0.0816155
  0.0147702  0.00892955  -0.0621936 0.000648338 -0.00963028   0.0816155    0.137811
[ INFO] [1510516862.047473808]: Frequency: 1.015530 hz
SWKF State:
 -19.1673
  7.06776
  2.28102
0.0234381
[ INFO] [1510516863.067020517]: Eta: 0.509556
Goyal State
 -2.66202
-0.177311
 0.406541
  0.77232
  18.8845
  3.08351
 -1.65817
Covariance
  0.0261745  0.00152379 -0.00618212 0.000791285 -0.00424766  0.00642088   0.0118785
 0.00152379   0.0384706  0.00384887 0.000892942  -0.0130258   0.0210744   0.0105046
-0.00618212  0.00384887   0.0776794 0.000483425 -0.00987828    0.045295  -0.0628112
0.000791285 0.000892942 0.000483425 0.000374328 -0.00307014 0.000740768  0.00048205
-0.00424766  -0.0130258 -0.00987828 -0.00307014   0.0766948 -0.00703839 -0.00773439
 0.00642088   0.0210744    0.045295 0.000740768 -0.00703839    0.239091   0.0831638
  0.0118785   0.0105046  -0.0628112  0.00048205 -0.00773439   0.0831638    0.133819
[ INFO] [1510516863.072735184]: Frequency: 0.975768 hz
SWKF State:
 -17.9652
  3.03209
  2.27452
0.0201028
[ INFO] [1510516866.072276553]: Eta: 0.509556
Goyal State
  -2.6184
-0.128971
 0.426439
 0.773105
  17.7997
  3.46985
 -3.33939
Covariance
   0.0260704   0.00107411  -0.00634462  0.000658907  -0.00134737  0.000730356   0.00694186
  0.00107411     0.038875   0.00388812   0.00082289   -0.0100582    0.0306388   0.00600814
 -0.00634462   0.00388812     0.078362  0.000478728  -0.00864629    0.0368898   -0.0703121
 0.000658907   0.00082289  0.000478728  0.000354732  -0.00284668  0.000832703 -0.000209688
 -0.00134737   -0.0100582  -0.00864629  -0.00284668     0.121415   -0.0100408   0.00503092
 0.000730356    0.0306388    0.0368898  0.000832703   -0.0100408     0.524174     0.128773
  0.00694186   0.00600814   -0.0703121 -0.000209688   0.00503092     0.128773     0.125719
[ INFO] [1510516866.075429173]: Frequency: 0.333046 hz
SWKF State:
 -17.3337
 -1.27128
  2.27294
0.0181645
[ INFO] [1510516868.043195884]: Eta: 0.509556
Goyal State
  -2.66045
-0.0243243
  0.433147
  0.774736
   16.9693
   1.34795
 -0.478055
Covariance
   0.0257674  0.000507682   -0.0068271  0.000555793  0.000634722  -0.00488857   0.00668885
 0.000507682    0.0384283   0.00341965  0.000715976  -0.00610486    0.0313885  -0.00177242
  -0.0068271   0.00341965    0.0780736  0.000412247  -0.00562408    0.0243142    -0.078279
 0.000555793  0.000715976  0.000412247  0.000337174  -0.00254465   0.00054934 -0.000786785
 0.000634722  -0.00610486  -0.00562408  -0.00254465     0.117027  -0.00453699    0.0244654
 -0.00488857    0.0313885    0.0243142   0.00054934  -0.00453699     0.492267    0.0145671
  0.00668885  -0.00177242    -0.078279 -0.000786785    0.0244654    0.0145671    0.0948259
[ INFO] [1510516868.044623431]: Frequency: 0.507388 hz
SWKF State:
 -16.9142
 -4.36973
  2.26634
0.0219391
[ INFO] [1510516869.066745821]: Eta: 0.509556
Goyal State
  -2.67129
-0.0440824
  0.372176
  0.772626
   16.5584
 -0.231624
  -1.25058
Covariance
   0.0252872  0.000119418  -0.00701557  0.000469974   0.00215393  -0.00554723   0.00780625
 0.000119418     0.037949   0.00326942   0.00065571  -0.00453095     0.030169  -0.00624875
 -0.00701557   0.00326942    0.0776374  0.000387635  -0.00467509    0.0136636   -0.0800542
 0.000469974   0.00065571  0.000387635  0.000324478  -0.00235125    0.0004965 -0.000688318
  0.00215393  -0.00453095  -0.00467509  -0.00235125     0.101145  -0.00530413    0.0161005
 -0.00554723     0.030169    0.0136636    0.0004965  -0.00530413     0.361422   -0.0440591
  0.00780625  -0.00624875   -0.0800542 -0.000688318    0.0161005   -0.0440591    0.0956037
[ INFO] [1510516869.070321393]: Frequency: 0.976961 hz
SWKF State:
  -17.023
 -4.18862
  2.25501
0.0289374
[ INFO] [1510516870.056186062]: Eta: 0.509556
Goyal State
  -2.66243
-0.0919392
  0.267083
  0.770588
   16.2605
  -2.03894
  -2.09157
Covariance
   0.0248571 -0.000167412  -0.00707856  0.000396627   0.00329172  -0.00486295   0.00899628
-0.000167412    0.0374816   0.00311856  0.000604014  -0.00337535    0.0278673   -0.0110163
 -0.00707856   0.00311856    0.0769617  0.000367212  -0.00401389   0.00235869   -0.0810759
 0.000396627  0.000604014  0.000367212    0.0003138  -0.00220266  0.000384217 -0.000688151
  0.00329172  -0.00337535  -0.00401389  -0.00220266    0.0914177  -0.00322001    0.0134068
 -0.00486295    0.0278673   0.00235869  0.000384217  -0.00322001     0.285149   -0.0777919
  0.00899628   -0.0110163   -0.0810759 -0.000688151    0.0134068   -0.0777919     0.115965
[ INFO] [1510516870.057579583]: Frequency: 1.010718 hz
SWKF State:
-17.0399
-3.13036
 2.24401
0.040402
[ INFO] [1510516871.097177499]: Eta: 0.509556
Goyal State
  -2.69202
-0.0913228
  0.268694
  0.768033
   16.0459
 -0.909602
  -2.73513
Covariance
   0.0244473 -0.000220798  -0.00717495  0.000331908   0.00428219  -0.00313085   0.00770124
-0.000220798    0.0369038   0.00285579  0.000581115  -0.00345059    0.0260468  -0.00265451
 -0.00717495   0.00285579    0.0769492  0.000349597  -0.00353801   0.00199917   -0.0780963
 0.000331908  0.000581115  0.000349597  0.000305118  -0.00209449  0.000399571 -0.000581971
  0.00428219  -0.00345059  -0.00353801  -0.00209449    0.0860152  -0.00435227    0.0132147
 -0.00313085    0.0260468   0.00199917  0.000399571  -0.00435227     0.262784   0.00520468
  0.00770124  -0.00265451   -0.0780963 -0.000581971    0.0132147   0.00520468    0.0899547
[ INFO] [1510516871.101255360]: Frequency: 0.960396 hz
SWKF State:
 -17.0946
 -1.66774
  2.23544
0.0365558
[ INFO] [1510516872.069621858]: Eta: 0.509556
Goyal State
 -2.70597
-0.107563
 0.259165
 0.765683
  15.8916
-0.666325
 -2.65018
Covariance
   0.0241046 -0.000384559  -0.00727182  0.000273367   0.00505822  -0.00347529   0.00759048
-0.000384559    0.0367559   0.00271199  0.000553919  -0.00304586    0.0279368  0.000258013
 -0.00727182   0.00271199    0.0769069  0.000333247  -0.00306887   0.00489866   -0.0778191
 0.000273367  0.000553919  0.000333247  0.000297119  -0.00199629  0.000428295 -0.000523009
  0.00505822  -0.00304586  -0.00306887  -0.00199629    0.0814793  -0.00451147    0.0121557
 -0.00347529    0.0279368   0.00489866  0.000428295  -0.00451147     0.267541    0.0262977
  0.00759048  0.000258013   -0.0778191 -0.000523009    0.0121557    0.0262977    0.0929037
[ INFO] [1510516872.072745860]: Frequency: 1.027527 hz
SWKF State:
 -17.0977
 -1.94427
  2.22652
0.0375571
[ INFO] [1510516873.052221220]: Eta: 0.509556
Goyal State
 -2.71381
-0.134041
 0.229674
  0.76357
  15.7442
-0.128391
 -2.36873
Covariance
   0.0237985 -0.000525303  -0.00734021  0.000220429   0.00570589  -0.00390359   0.00738828
-0.000525303    0.0366328   0.00257754   0.00052948  -0.00271057    0.0289354   0.00354251
 -0.00734021   0.00257754     0.076771  0.000319022  -0.00270658    0.0092287   -0.0774619
 0.000220429   0.00052948  0.000319022  0.000289931  -0.00191376  0.000449007 -0.000450667
  0.00570589  -0.00271057  -0.00270658  -0.00191376    0.0785251  -0.00471467    0.0107879
 -0.00390359    0.0289354    0.0092287  0.000449007  -0.00471467     0.264222    0.0479862
  0.00738828   0.00354251   -0.0774619 -0.000450667    0.0107879    0.0479862     0.101387
[ INFO] [1510516873.055084112]: Frequency: 1.018689 hz
SWKF State:
 -16.8952
   -2.604
   2.2187
0.0341861
[ INFO] [1510516874.097399930]: Eta: 0.509556
Goyal State
 -2.74656
-0.106154
 0.223174
 0.760568
  15.7807
-0.387443
 -1.33504
Covariance
   0.0235575  -0.00074679  -0.00740572  0.000173203   0.00617816  -0.00538413   0.00765333
 -0.00074679    0.0363483   0.00252302  0.000490917  -0.00182708    0.0294868 -0.000234521
 -0.00740572   0.00252302    0.0768608  0.000308856  -0.00244864   0.00959605   -0.0769965
 0.000173203  0.000490917  0.000308856  0.000283073  -0.00183395  0.000422367  -0.00045596
  0.00617816  -0.00182708  -0.00244864  -0.00183395    0.0773244  -0.00399444   0.00964594
 -0.00538413    0.0294868   0.00959605  0.000422367  -0.00399444     0.281016     0.011958
  0.00765333 -0.000234521   -0.0769965  -0.00045596   0.00964594     0.011958    0.0888926
[ INFO] [1510516874.099619688]: Frequency: 0.956809 hz
SWKF State:
 -17.4847
 -4.11327
  2.20756
0.0411265
[ INFO] [1510516875.072581016]: Eta: 0.509556
Goyal State
 -2.77679
 -0.10373
 0.228073
 0.756696
  15.9311
-0.178185
-0.806863
Covariance
   0.0233084 -0.000917796  -0.00741054  0.000127506   0.00666361  -0.00547247   0.00804393
-0.000917796    0.0361655   0.00254561  0.000467314  -0.00150982    0.0298057  -0.00392647
 -0.00741054   0.00254561    0.0768828  0.000308379  -0.00253592   0.00695329   -0.0775611
 0.000127506  0.000467314  0.000308379  0.000276998  -0.00177547  0.000416002 -0.000423083
  0.00666361  -0.00150982  -0.00253592  -0.00177547    0.0755325  -0.00398116   0.00671746
 -0.00547247    0.0298057   0.00695329  0.000416002  -0.00398116     0.278115   -0.0197147
  0.00804393  -0.00392647   -0.0775611 -0.000423083   0.00671746   -0.0197147     0.088215
[ INFO] [1510516875.077481313]: Frequency: 1.025225 hz
SWKF State:
-18.4081
-4.17618
 2.19732
0.042231
[ INFO] [1510516876.051710109]: Eta: 0.509556
Goyal State
 -2.79533
-0.134147
 0.213833
 0.753534
  16.0474
  0.48199
-0.700639
Covariance
   0.0230282 -0.000966681  -0.00728049  8.71159e-05   0.00701622  -0.00496468   0.00637944
-0.000966681    0.0357693   0.00247435  0.000433347 -0.000890324    0.0278948    0.0020529
 -0.00728049   0.00247435    0.0768326  0.000317643  -0.00300888    0.0091621   -0.0764559
 8.71159e-05  0.000433347  0.000317643  0.000270906  -0.00172114  0.000303785 -0.000223813
  0.00701622 -0.000890324  -0.00300888  -0.00172114    0.0739918 -0.000137435  0.000861032
 -0.00496468    0.0278948    0.0091621  0.000303785 -0.000137435      0.25567    0.0320663
  0.00637944    0.0020529   -0.0764559 -0.000223813  0.000861032    0.0320663    0.0922257
[ INFO] [1510516876.053441733]: Frequency: 1.021547 hz
SWKF State:
  -18.542
 -4.93077
  2.18951
0.0353077
[ INFO] [1510516878.079706495]: Eta: 0.509556
Goyal State
 -2.81113
-0.150189
 0.203907
 0.750688
  16.1421
  1.18893
 -1.35958
Covariance
   0.0230939   -0.0011839  -0.00686102  5.72198e-05   0.00687825  -0.00933697   0.00171656
  -0.0011839     0.035359   0.00273977  0.000373063   0.00113633    0.0222339   0.00945686
 -0.00686102   0.00273977    0.0762662  0.000332945  -0.00375275    0.0251681   -0.0735719
 5.72198e-05  0.000373063  0.000332945  0.000264831  -0.00166414  0.000194929 -7.65402e-05
  0.00687825   0.00113633  -0.00375275  -0.00166414    0.0942432   0.00341919  -0.00489064
 -0.00933697    0.0222339    0.0251681  0.000194929   0.00341919      0.30815     0.144348
  0.00171656   0.00945686   -0.0735719 -7.65402e-05  -0.00489064     0.144348     0.180263
[ INFO] [1510516878.083250489]: Frequency: 0.493053 hz
SWKF State:
 -15.4002
 -10.2635
  2.18424
0.0361428
[ INFO] [1510516879.120354153]: Eta: 0.509556
Goyal State
-2.80894
 -0.1933
0.195198
0.746893
 16.2765
 1.52901
 -1.0301
Covariance
   0.0229885  -0.00141459  -0.00664387  3.60988e-05   0.00642784   -0.0131428 -0.000537491
 -0.00141459    0.0346584   0.00299283  0.000310794   0.00292093    0.0208136   0.00758193
 -0.00664387   0.00299283    0.0760458  0.000346099  -0.00423117    0.0309486   -0.0698427
 3.60988e-05  0.000310794  0.000346099   0.00025907  -0.00162226  0.000164764 -7.68226e-05
  0.00642784   0.00292093  -0.00423117  -0.00162226    0.0876813   0.00299354  -0.00589155
  -0.0131428    0.0208136    0.0309486  0.000164764   0.00299354     0.281201     0.113931
-0.000537491   0.00758193   -0.0698427 -7.68226e-05  -0.00589155     0.113931     0.153423
[ INFO] [1510516879.126066380]: Frequency: 0.961026 hz
SWKF State:
 -10.9317
 -14.9321
  2.17603
0.0358696
[ INFO] [1510516880.106334575]: Eta: 0.509556
Goyal State
  -2.8043
-0.244708
 0.203084
 0.743528
  16.4372
  1.27434
-0.628431
Covariance
   0.0229385  -0.00154546  -0.00651826  2.58183e-05   0.00565125   -0.0157427  -0.00254275
 -0.00154546    0.0337896   0.00326081  0.000245851   0.00457025     0.017459   0.00569772
 -0.00651826   0.00326081    0.0759371  0.000356408  -0.00452245    0.0352533   -0.0674542
 2.58183e-05  0.000245851  0.000356408  0.000253565  -0.00159191  0.000122324 -9.52336e-05
  0.00565125   0.00457025  -0.00452245  -0.00159191    0.0825071   0.00295662   -0.0058499
  -0.0157427     0.017459    0.0352533  0.000122324   0.00295662     0.253839     0.102512
 -0.00254275   0.00569772   -0.0674542 -9.52336e-05   -0.0058499     0.102512     0.149719
[ INFO] [1510516880.110253623]: Frequency: 1.014119 hz
SWKF State:
 -7.09005
 -17.2525
  2.16468
0.0386938
[ INFO] [1510516881.109948264]: Eta: 0.509556
Goyal State
 -2.79007
-0.270412
 0.199407
 0.740668
  16.5329
  1.63446
-0.463245
Covariance
   0.0229184  -0.00155323  -0.00647763  2.53292e-05   0.00463161   -0.0176313  -0.00379252
 -0.00155323    0.0328758   0.00353218  0.000183496   0.00593493    0.0135171   0.00265944
 -0.00647763   0.00353218    0.0759251  0.000367422  -0.00484404    0.0380965   -0.0659912
 2.53292e-05  0.000183496  0.000367422  0.000248328  -0.00156973  6.26502e-05 -8.65437e-05
  0.00463161   0.00593493  -0.00484404  -0.00156973    0.0789959   0.00378789  -0.00753358
  -0.0176313    0.0135171    0.0380965  6.26502e-05   0.00378789     0.244972    0.0949406
 -0.00379252   0.00265944   -0.0659912 -8.65437e-05  -0.00753358    0.0949406     0.145572
[ INFO] [1510516881.124657468]: Frequency: 0.996159 hz
SWKF State:
 -2.14828
 -18.1315
  2.15653
0.0419911
[ INFO] [1510516882.110034762]: Eta: 0.509556
Goyal State
 -2.79108
-0.295513
 0.192073
 0.736294
  16.5116
  2.68618
 -1.12974
Covariance
   0.0228819  -0.00145254  -0.00645269  3.19275e-05   0.00350132   -0.0183259  -0.00513316
 -0.00145254    0.0320372   0.00375106  0.000126635    0.0070113   0.00906246  5.43521e-05
 -0.00645269   0.00375106    0.0759246  0.000373874  -0.00495095    0.0408074   -0.0643068
 3.19275e-05  0.000126635  0.000373874  0.000243447  -0.00155641  4.33086e-05 -0.000119457
  0.00350132    0.0070113  -0.00495095  -0.00155641    0.0766467   0.00333195  -0.00675661
  -0.0183259   0.00906246    0.0408074  4.33086e-05   0.00333195     0.226436     0.095837
 -0.00513316  5.43521e-05   -0.0643068 -0.000119457  -0.00675661     0.095837      0.15395
[ INFO] [1510516882.112636944]: Frequency: 1.000361 hz
SWKF State:
  1.94962
 -17.7931
  2.14873
0.0427078
[ INFO] [1510516883.132254616]: Eta: 0.509556
Goyal State
 -2.77176
-0.353974
  0.18434
  0.73118
  16.5322
  2.61101
 -1.15731
Covariance
   0.0227666  -0.00122849  -0.00638298  4.96193e-05   0.00209885   -0.0190414  -0.00416308
 -0.00122849    0.0312706   0.00368214  7.81005e-05   0.00770024   0.00382886  -0.00280823
 -0.00638298   0.00368214    0.0760019  0.000367394  -0.00453161    0.0410991   -0.0638746
 4.96193e-05  7.81005e-05  0.000367394  0.000238801  -0.00153954  6.27839e-05 -0.000237741
  0.00209885   0.00770024  -0.00453161  -0.00153954    0.0751984  0.000395329  -0.00187872
  -0.0190414   0.00382886    0.0410991  6.27839e-05  0.000395329      0.23776    0.0887535
 -0.00416308  -0.00280823   -0.0638746 -0.000237741  -0.00187872    0.0887535     0.137354
[ INFO] [1510516883.133935624]: Frequency: 0.978205 hz
SWKF State:
  6.14924
 -16.6749
  2.13859
0.0427738
[ INFO] [1510516884.183597989]: Eta: 0.509556
Goyal State
 -2.73453
-0.408684
  0.16839
 0.725493
  16.6174
  2.62741
  -1.2157
Covariance
   0.0225944 -0.000965059  -0.00627961  7.09272e-05  0.000690168   -0.0180752  -0.00448005
-0.000965059    0.0306998   0.00363587  3.90843e-05   0.00805178  -0.00124547  -0.00582769
 -0.00627961   0.00363587    0.0760595  0.000357783  -0.00401335    0.0419416    -0.063332
 7.09272e-05  3.90843e-05  0.000357783  0.000234571  -0.00152999  7.15785e-05 -0.000267904
 0.000690168   0.00805178  -0.00401335  -0.00152999    0.0748072   -0.0008374  -0.00126648
  -0.0180752  -0.00124547    0.0419416  7.15785e-05   -0.0008374     0.228249    0.0951553
 -0.00448005  -0.00582769    -0.063332 -0.000267904  -0.00126648    0.0951553     0.148798
[ INFO] [1510516884.197269385]: Frequency: 0.951073 hz
SWKF State:
  10.0212
 -14.9089
  2.12949
0.0425934
[ INFO] [1510516885.153955977]: Eta: 0.509556
Goyal State
 -2.67963
-0.454425
 0.145445
 0.719733
  16.7608
  2.34614
-0.913407
Covariance
   0.0223043  -0.00071127  -0.00612919  9.69084e-05 -0.000761519   -0.0167872  -0.00303297
 -0.00071127     0.030287    0.0035254  1.19701e-05   0.00792683  -0.00628452  -0.00842574
 -0.00612919    0.0035254    0.0760941  0.000346522  -0.00349996    0.0413477   -0.0638136
 9.69084e-05  1.19701e-05  0.000346522  0.000230568  -0.00152293  6.85486e-05 -0.000281194
-0.000761519   0.00792683  -0.00349996  -0.00152293    0.0733087  -0.00159836 -0.000837601
  -0.0167872  -0.00628452    0.0413477  6.85486e-05  -0.00159836     0.232223    0.0879069
 -0.00303297  -0.00842574   -0.0638136 -0.000281194 -0.000837601    0.0879069     0.137767
[ INFO] [1510516885.184677911]: Frequency: 1.030330 hz
SWKF State:
  13.8538
   -11.77
  2.11953
0.0427071
[ INFO] [1510516887.115252207]: Eta: 0.509556
Goyal State
  -2.6378
-0.462517
 0.147205
 0.714148
  16.9158
  2.55795
-0.116952
Covariance
   0.0222451 -0.000548014  -0.00594218  0.000124031  -0.00252033   -0.0138969   0.00110722
-0.000548014    0.0303366   0.00331866 -4.92181e-06   0.00724162   -0.0138969  -0.00969323
 -0.00594218   0.00331866    0.0762927  0.000339862  -0.00323884    0.0358677    -0.067825
 0.000124031 -4.92181e-06  0.000339862  0.000226718  -0.00152465  4.18136e-05 -0.000223987
 -0.00252033   0.00724162  -0.00323884  -0.00152465    0.0920602  -0.00128572  -0.00459589
  -0.0138969   -0.0138969    0.0358677  4.18136e-05  -0.00128572     0.370355     0.103664
  0.00110722  -0.00969323    -0.067825 -0.000223987  -0.00459589     0.103664     0.124196
[ INFO] [1510516887.118246372]: Frequency: 0.509951 hz
SWKF State:
  16.4164
 -7.26394
    2.115
0.0458753
[ INFO] [1510516888.155847000]: Eta: 0.509556
Goyal State
 -2.59456
-0.468025
 0.144048
 0.709963
  17.0141
   2.6216
-0.430454
Covariance
   0.0219688 -0.000479864  -0.00586696  0.000150754  -0.00392169   -0.0109598   0.00256137
-0.000479864    0.0302568   0.00321434   -1.308e-05   0.00630001   -0.0179648   -0.0113485
 -0.00586696   0.00321434    0.0763208  0.000338686  -0.00333501    0.0326041   -0.0693391
 0.000150754   -1.308e-05  0.000338686  0.000222951  -0.00152577  2.24419e-05 -0.000163893
 -0.00392169   0.00630001  -0.00333501  -0.00152577    0.0861435 -0.000257719  -0.00736895
  -0.0109598   -0.0179648    0.0326041  2.24419e-05 -0.000257719     0.319678    0.0867243
  0.00256137   -0.0113485   -0.0693391 -0.000163893  -0.00736895    0.0867243     0.119383
[ INFO] [1510516888.157549870]: Frequency: 0.960934 hz
SWKF State:
  17.6324
 -3.37199
  2.10324
0.0505527
[ INFO] [1510516889.181799454]: Eta: 0.509556
Goyal State
 -2.54655
-0.475857
  0.12992
 0.704934
  17.0463
  2.27465
-0.452366
Covariance
   0.0217136  -0.00048738  -0.00575212  0.000177125  -0.00505683  -0.00805124   0.00385808
 -0.00048738    0.0302099   0.00314282 -1.41313e-05     0.005221   -0.0209411   -0.0111171
 -0.00575212   0.00314282    0.0763282  0.000335291  -0.00327765    0.0293204   -0.0706601
 0.000177125 -1.41313e-05  0.000335291  0.000219311  -0.00152798  3.52115e-05 -0.000189502
 -0.00505683     0.005221  -0.00327765  -0.00152798    0.0821807 -0.000930561  -0.00506659
 -0.00805124   -0.0209411    0.0293204  3.52115e-05 -0.000930561       0.3017    0.0698746
  0.00385808   -0.0111171   -0.0706601 -0.000189502  -0.00506659    0.0698746     0.108987
[ INFO] [1510516889.190239488]: Frequency: 0.974609 hz
SWKF State:
  17.7902
-0.693265
  2.09232
0.0526325
[ INFO] [1510516890.189841110]: Eta: 0.509556
Goyal State
 -2.49665
-0.444583
0.0993311
 0.700033
  17.1075
  1.85573
 -1.36178
Covariance
   0.0214932 -0.000538183   -0.0055551   0.00020289  -0.00597982  -0.00530436   0.00521373
-0.000538183    0.0300433   0.00307986 -1.19924e-05   0.00421727   -0.0223078  -0.00728074
  -0.0055551   0.00307986    0.0760779  0.000330124  -0.00316004    0.0231337   -0.0732627
  0.00020289 -1.19924e-05  0.000330124  0.000215811  -0.00152843  2.84222e-05 -0.000213782
 -0.00597982   0.00421727  -0.00316004  -0.00152843    0.0793711  -0.00112517  -0.00300344
 -0.00530436   -0.0223078    0.0231337  2.84222e-05  -0.00112517      0.29202    0.0239854
  0.00521373  -0.00728074   -0.0732627 -0.000213782  -0.00300344    0.0239854    0.0880073
[ INFO] [1510516890.197003215]: Frequency: 0.992142 hz
SWKF State:
  17.9099
   0.9207
  2.08063
0.0549106
[ INFO] [1510516891.177689288]: Eta: 0.509556
Goyal State
 -2.44626
-0.418878
0.0805355
 0.694858
  17.1778
  1.38331
-0.765999
Covariance
    0.021321 -0.000602556  -0.00545315   0.00022711   -0.0067337  -0.00312877   0.00517413
-0.000602556    0.0299832    0.0030906 -8.51149e-06   0.00332374   -0.0228386  -0.00965566
 -0.00545315    0.0030906    0.0761263  0.000323466  -0.00293062    0.0212782   -0.0730895
  0.00022711 -8.51149e-06  0.000323466  0.000212399  -0.00152765  5.79661e-05 -0.000239869
  -0.0067337   0.00332374  -0.00293062  -0.00152765    0.0772538  -0.00184208   -0.0014566
 -0.00312877   -0.0228386    0.0212782  5.79661e-05  -0.00184208     0.271903    0.0506624
  0.00517413  -0.00965566   -0.0730895 -0.000239869   -0.0014566    0.0506624    0.0992341
[ INFO] [1510516891.185708727]: Frequency: 1.011743 hz
SWKF State:
  18.0483
  2.32101
  2.07061
0.0566985
[ INFO] [1510516892.174424125]: Eta: 0.509556
Goyal State
 -2.39209
-0.408727
0.0365351
 0.689561
  17.3098
  1.00539
 -0.76504
Covariance
   0.0211681  -0.00065873   -0.0052291   0.00025092  -0.00737137  -0.00102264   0.00544471
 -0.00065873     0.029629   0.00309385 -7.55506e-07   0.00238261   -0.0217235  -0.00361042
  -0.0052291   0.00309385    0.0756902  0.000314306  -0.00266242    0.0139031   -0.0755436
  0.00025092 -7.55506e-07  0.000314306  0.000209084   -0.0015268  3.31493e-05 -0.000268051
 -0.00737137   0.00238261  -0.00266242   -0.0015268    0.0759807   -0.0011519  0.000370906
 -0.00102264   -0.0217235    0.0139031  3.31493e-05   -0.0011519     0.258273   -0.0104229
  0.00544471  -0.00361042   -0.0755436 -0.000268051  0.000370906   -0.0104229    0.0847151
[ INFO] [1510516892.185182651]: Frequency: 1.003893 hz
SWKF State:
  18.3792
   3.0384
   2.0611
0.0558015
[ INFO] [1510516893.218474572]: Eta: 0.509556
Goyal State
  -2.3441
-0.400481
 0.017866
 0.683541
  17.4481
   1.2192
 -1.14979
Covariance
   0.0210652 -0.000706809  -0.00511456  0.000273965  -0.00794187  0.000179969   0.00527929
-0.000706809    0.0295873   0.00311286  3.56274e-06   0.00175319   -0.0226116  -0.00631781
 -0.00511456   0.00311286    0.0757183  0.000304453  -0.00232904    0.0119557   -0.0748205
 0.000273965  3.56274e-06  0.000304453  0.000205823  -0.00152789  5.04508e-05 -0.000284908
 -0.00794187   0.00175319  -0.00232904  -0.00152789    0.0759239  -0.00170079   0.00136094
 0.000179969   -0.0226116    0.0119557  5.04508e-05  -0.00170079     0.267139    0.0245546
  0.00527929  -0.00631781   -0.0748205 -0.000284908   0.00136094    0.0245546    0.0883367
[ INFO] [1510516893.220726376]: Frequency: 0.957751 hz
SWKF State:
  18.5981
  3.55475
  2.05317
0.0587314
[ INFO] [1510516894.316857283]: Eta: 0.509556
Goyal State
   -2.29886
  -0.378619
-0.00126618
   0.678574
    17.6302
    0.91429
  -0.895472
Covariance
    0.020995 -0.000779859  -0.00502605  0.000295217  -0.00839835   0.00179496   0.00552951
-0.000779859    0.0295986   0.00311175  1.26359e-05  0.000952298   -0.0240675  -0.00588886
 -0.00502605   0.00311175    0.0757743  0.000297662  -0.00220136   0.00980288   -0.0751147
 0.000295217  1.26359e-05  0.000297662  0.000202614  -0.00153037   5.6432e-05 -0.000245991
 -0.00839835  0.000952298  -0.00220136  -0.00153037    0.0768042  -0.00161046 -0.000331405
  0.00179496   -0.0240675   0.00980288   5.6432e-05  -0.00161046     0.289637      0.02183
  0.00552951  -0.00588886   -0.0751147 -0.000245991 -0.000331405      0.02183    0.0873951
[ INFO] [1510516894.328362067]: Frequency: 0.910438 hz
SWKF State:
  18.6281
  4.87096
  2.04454
0.0586458
[ INFO] [1510516895.356362850]: Eta: 0.509556
Goyal State
  -2.25878
 -0.374154
-0.0172579
  0.674028
   17.7783
  0.892935
 -0.462014
Covariance
   0.0209274 -0.000829556  -0.00491889  0.000316253  -0.00881782   0.00295942   0.00513026
-0.000829556    0.0295138   0.00309372  2.05689e-05  0.000328708   -0.0242884  -0.00233953
 -0.00491889   0.00309372    0.0756424  0.000290612  -0.00210276   0.00488025   -0.0758468
 0.000316253  2.05689e-05  0.000290612  0.000199451  -0.00153576  5.00037e-05 -0.000241603
 -0.00881782  0.000328708  -0.00210276  -0.00153576    0.0766735  -0.00161381 -0.000369483
  0.00295942   -0.0242884   0.00488025  5.00037e-05  -0.00161381     0.285968   -0.0144901
  0.00513026  -0.00233953   -0.0758468 -0.000241603 -0.000369483   -0.0144901    0.0857052
[ INFO] [1510516895.360771624]: Frequency: 0.961985 hz
SWKF State:
   18.64
 5.08799
 2.03455
0.059292
[ INFO] [1510516896.364328895]: Eta: 0.509556
Goyal State
  -2.22391
 -0.375756
-0.0310403
  0.669992
   17.9118
   1.03846
 -0.645709
Covariance
   0.0208619 -0.000807441  -0.00485644  0.000336932  -0.00920951   0.00226214   0.00606879
-0.000807441    0.0289663   0.00308928  2.69756e-05 -0.000139368   -0.0182518  -0.00923478
 -0.00485644   0.00308928    0.0754822  0.000280948  -0.00190527    0.0104052   -0.0763765
 0.000336932  2.69756e-05  0.000280948  0.000196331  -0.00154163  7.94502e-05 -0.000240045
 -0.00920951 -0.000139368  -0.00190527  -0.00154163    0.0762234  -0.00170082 -4.76168e-05
  0.00226214   -0.0182518    0.0104052  7.94502e-05  -0.00170082     0.211674    0.0574086
  0.00606879  -0.00923478   -0.0763765 -0.000240045 -4.76168e-05    0.0574086     0.109521
[ INFO] [1510516896.367506902]: Frequency: 0.992178 hz
SWKF State:
  18.7155
  4.90943
  2.02347
0.0598523
[ INFO] [1510516898.340289851]: Eta: 0.509556
Goyal State
   -2.19614
  -0.350164
-0.00757642
   0.666857
    17.9839
   0.717648
   -1.30156
Covariance
   0.0211242 -0.000878258  -0.00498705  0.000349349  -0.00916792   0.00425357    0.0093246
-0.000878258     0.028971    0.0030475  5.11401e-05  -0.00187921   -0.0156813    -0.013518
 -0.00498705    0.0030475    0.0753398  0.000275682  -0.00217807    0.0223856   -0.0751394
 0.000349349  5.11401e-05  0.000275682  0.000193109  -0.00154692  0.000117512 -0.000144423
 -0.00916792  -0.00187921  -0.00217807  -0.00154692    0.0955106  0.000674031  -0.00362936
  0.00425357   -0.0156813    0.0223856  0.000117512  0.000674031     0.282781      0.14952
   0.0093246    -0.013518   -0.0751394 -0.000144423  -0.00362936      0.14952     0.196079
[ INFO] [1510516898.343135779]: Frequency: 0.506085 hz
SWKF State:
 16.0017
  9.6787
  2.0186
0.058094
[ INFO] [1510516899.333243669]: Eta: 0.509556
Goyal State
   -2.18325
  -0.318143
0.000976401
   0.663797
    17.9895
   0.612579
   -1.57129
Covariance
   0.0211334 -0.000951229  -0.00506088  0.000357769  -0.00891417   0.00679889    0.0106719
-0.000951229    0.0286561   0.00296133  7.83986e-05   -0.0034282   -0.0154035   -0.0120087
 -0.00506088   0.00296133    0.0753206     0.000276  -0.00257196    0.0254065   -0.0723849
 0.000357769  7.83986e-05     0.000276  0.000189929  -0.00154565  0.000151353 -8.42932e-05
 -0.00891417   -0.0034282  -0.00257196  -0.00154565    0.0890156  0.000701151  -0.00508825
  0.00679889   -0.0154035    0.0254065  0.000151353  0.000701151     0.261844     0.116614
   0.0106719   -0.0120087   -0.0723849 -8.42932e-05  -0.00508825     0.116614     0.161085
[ INFO] [1510516899.336020969]: Frequency: 1.007061 hz
SWKF State:
  12.5456
  13.5551
   2.0078
0.0560711
[ INFO] [1510516900.357929317]: Eta: 0.509556
Goyal State
 -2.17075
-0.282279
0.0177857
 0.661634
  17.9753
0.0665424
 -1.73341
Covariance
   0.0211598 -0.000964964  -0.00512075  0.000359021   -0.0083223   0.00873984    0.0122808
-0.000964964    0.0282047   0.00283481  0.000110143  -0.00497067   -0.0126253   -0.0110689
 -0.00512075   0.00283481    0.0753118  0.000275795  -0.00284441    0.0288465      -0.0709
 0.000359021  0.000110143  0.000275795   0.00018671  -0.00153574  0.000212179 -8.24348e-05
  -0.0083223  -0.00497067  -0.00284441  -0.00153574    0.0850739 -0.000833203  -0.00315869
  0.00873984   -0.0126253    0.0288465  0.000212179 -0.000833203     0.235521     0.110711
   0.0122808   -0.0110689      -0.0709 -8.24348e-05  -0.00315869     0.110711     0.164702
[ INFO] [1510516900.359418555]: Frequency: 0.975881 hz
SWKF State:
  9.00013
  16.0545
  2.00086
0.0516001
[ INFO] [1510516901.337264060]: Eta: 0.509556
Goyal State
 -2.16317
 -0.26546
0.0181087
  0.66046
  17.9611
-0.217235
 -1.67556
Covariance
   0.0211389 -0.000884216   -0.0050737  0.000353822  -0.00750812    0.0109257    0.0119789
-0.000884216    0.0276723   0.00270363  0.000143383  -0.00631492   -0.0100638  -0.00756861
  -0.0050737   0.00270363    0.0753708  0.000281906  -0.00333143    0.0287571   -0.0699479
 0.000353822  0.000143383  0.000281906  0.000183519  -0.00151974  0.000240335 -5.35692e-05
 -0.00750812  -0.00631492  -0.00333143  -0.00151974    0.0816249  -0.00112141  -0.00437251
   0.0109257   -0.0100638    0.0287571  0.000240335  -0.00112141     0.244454    0.0869422
   0.0119789  -0.00756861   -0.0699479 -5.35692e-05  -0.00437251    0.0869422     0.132382
[ INFO] [1510516901.340635444]: Frequency: 1.021171 hz
SWKF State:
  4.76186
  17.6729
  1.99278
0.0459034
[ INFO] [1510516902.328303394]: Eta: 0.509556
Goyal State
 -2.15478
 -0.26551
0.0128775
 0.660066
  17.8354
 -0.12038
 -1.90382
Covariance
    0.021105 -0.000752903  -0.00497253  0.000342418  -0.00647588     0.012084    0.0129391
-0.000752903    0.0271798   0.00246893  0.000175708  -0.00745728  -0.00700494  -0.00513211
 -0.00497253   0.00246893    0.0753514  0.000296247  -0.00420794    0.0293577   -0.0698567
 0.000342418  0.000175708  0.000296247  0.000180294  -0.00149509   0.00022847  2.84548e-05
 -0.00647588  -0.00745728  -0.00420794  -0.00149509    0.0789951  0.000642534  -0.00790223
    0.012084  -0.00700494    0.0293577   0.00022847  0.000642534     0.240598    0.0854561
   0.0129391  -0.00513211   -0.0698567  2.84548e-05  -0.00790223    0.0854561     0.134005
[ INFO] [1510516902.332154531]: Frequency: 1.008183 hz
SWKF State:
 0.764111
  17.8488
   1.9839
0.0405232
[ INFO] [1510516904.409930688]: Eta: 0.509556
Goyal State
   -2.1361
 -0.259423
0.00907483
  0.659306
   17.5388
  -0.70078
 -0.976099
Covariance
   0.0212447 -0.000511675  -0.00487204   0.00031861  -0.00454444    0.0132495    0.0118153
-0.000511675    0.0270428    0.0023804  0.000204172  -0.00842291   0.00118191  -0.00134327
 -0.00487204    0.0023804    0.0757488  0.000305512  -0.00478223    0.0290469    -0.069846
  0.00031861  0.000204172  0.000305512  0.000176919  -0.00145725  0.000323334 -6.31341e-05
 -0.00454444  -0.00842291  -0.00478223  -0.00145725    0.0996934  -0.00233601  -0.00429545
   0.0132495   0.00118191    0.0290469  0.000323334  -0.00233601      0.36603     0.130703
   0.0118153  -0.00134327    -0.069846 -6.31341e-05  -0.00429545     0.130703     0.146841
[ INFO] [1510516904.416983340]: Frequency: 0.480532 hz
SWKF State:
 -5.22095
  16.2189
  1.98049
0.0396311
[ INFO] [1510516906.371283165]: Eta: 0.509556
Goyal State
  -2.12885
 -0.284899
0.00199269
  0.658165
   17.3412
  0.848551
 -0.741276
Covariance
   0.0213092 -0.000275109   -0.0047673  0.000292216  -0.00251234    0.0125854    0.0118904
-0.000275109    0.0270695   0.00227123  0.000228301  -0.00905279   0.00777357   0.00216449
  -0.0047673   0.00227123    0.0760932  0.000314664  -0.00532144     0.030603   -0.0695637
 0.000292216  0.000228301  0.000314664  0.000173753  -0.00141111  0.000359026 -5.07243e-05
 -0.00251234  -0.00905279  -0.00532144  -0.00141111      0.10966  -0.00281033  -0.00485129
   0.0125854   0.00777357     0.030603  0.000359026  -0.00281033     0.379997     0.152323
   0.0118904   0.00216449   -0.0695637 -5.07243e-05  -0.00485129     0.152323     0.165045
[ INFO] [1510516906.374205582]: Frequency: 0.509901 hz
SWKF State:
 -10.6408
  13.5779
  1.97291
0.0355576
[ INFO] [1510516907.392439927]: Eta: 0.509556
Goyal State
  -2.13857
 -0.242935
-0.0102996
  0.657288
   17.1742
-0.0956998
  -1.00115
Covariance
   0.0208976 -0.000160073  -0.00470933  0.000256618 -0.000517464    0.0101399    0.0085251
-0.000160073    0.0269162   0.00232431  0.000237716   -0.0085724     0.013049   0.00256566
 -0.00470933   0.00232431    0.0761463  0.000322452  -0.00563148    0.0283954   -0.0705873
 0.000256618  0.000237716  0.000322452  0.000170385  -0.00135307  0.000348506 -0.000137958
-0.000517464   -0.0085724  -0.00563148  -0.00135307    0.0981609  -0.00378214  -0.00134629
   0.0101399     0.013049    0.0283954  0.000348506  -0.00378214     0.326153    0.0788286
   0.0085251   0.00256566   -0.0705873 -0.000137958  -0.00134629    0.0788286      0.11113
[ INFO] [1510516907.394781425]: Frequency: 0.979203 hz
SWKF State:
 -14.6103
  9.81798
    1.967
0.0395602
[ INFO] [1510516908.420525401]: Eta: 0.509556
Goyal State
   -2.14428
  -0.225083
-0.00885252
   0.656761
    17.0864
  -0.323784
   -1.40234
Covariance
   0.0205423 -0.000102081  -0.00463713  0.000222984   0.00104975   0.00760643   0.00789337
-0.000102081    0.0268659   0.00231375  0.000240885  -0.00785368    0.0165305   0.00439769
 -0.00463713   0.00231375    0.0762401   0.00032869  -0.00577864    0.0285953   -0.0704716
 0.000222984  0.000240885   0.00032869  0.000167189  -0.00130075  0.000344183 -0.000150082
  0.00104975  -0.00785368  -0.00577864  -0.00130075    0.0908154  -0.00444083 -0.000281238
  0.00760643    0.0165305    0.0285953  0.000344183  -0.00444083     0.290998    0.0798758
  0.00789337   0.00439769   -0.0704716 -0.000150082 -0.000281238    0.0798758     0.116308
[ INFO] [1510516908.425551431]: Frequency: 0.969484 hz
SWKF State:
 -16.6451
  6.60924
  1.96096
0.0424898
[ INFO] [1510516909.429294141]: Eta: 0.509556
Goyal State
  -2.15387
 -0.199221
-0.0279158
  0.656701
   17.0053
  -1.08342
  -1.53625
Covariance
   0.0202145 -0.000137449  -0.00462068  0.000190465   0.00230959   0.00545594   0.00599748
-0.000137449    0.0268018    0.0023734  0.000238769  -0.00702243    0.0190436   0.00271049
 -0.00462068    0.0023734    0.0762563  0.000334904  -0.00596031    0.0259637   -0.0719293
 0.000190465  0.000238769  0.000334904  0.000164133  -0.00125514  0.000323291 -0.000191858
  0.00230959  -0.00702243  -0.00596031  -0.00125514    0.0854583  -0.00465533  3.51539e-05
